# Task配置：ID, StartX, StartY, EndX, EndY, Payload, Volume
TASK: 0, 16000, 4232, 16384, 4476, 5, 8
TASK: 1, 11628, 2836, 11148, 2876, 7, 8
TASK: 2, 8440, 1492, 11124, 2860, 8, 3
TASK: 3, 8648, 1152, 6768, 1300, 7, 4
TASK: 4, 2880, 1528, 5592, 1456, 3, 7
TASK: 5, 14456, 3528, 16964, 4588, 1, 19
TASK: 6, 15612, 4112, 15000, 3908, 4, 4
TASK: 7, 17260, 5224, 16560, 4152, 8, 20
TASK: 8, 17520, 5328, 15968, 4044, 4, 14
TASK: 9, 14432, 3560, 16412, 4248, 10, 15
TASK: 10, 17080, 5220, 17516, 4832, 9, 13
TASK: 11, 16832, 3432, 14020, 3032, 2, 8
TASK: 12, 16940, 4396, 14516, 3172, 2, 16
TASK: 13, 14652, 3132, 16464, 4588, 1, 19
TASK: 14, 9620, 2856, 7760, 912, 5, 2
TASK: 15, 9888, 2928, 12432, 2436, 4, 3
TASK: 16, 14848, 3328, 16168, 4196, 3, 18
TASK: 17, 15984, 3956, 17104, 5128, 2, 3
TASK: 18, 7676, 812, 5568, 1492, 7, 17
TASK: 19, 10168, 2928, 13008, 2592, 10, 14
TASK: 20, 16616, 3556, 17140, 5172, 6, 7
TASK: 21, 16284, 4320, 17344, 5180, 7, 15
TASK: 22, 16552, 4468, 13976, 2848, 2, 4
TASK: 23, 15904, 4088, 14504, 3128, 1, 8
TASK: 24, 14100, 3120, 14752, 3540, 3, 6
TASK: 25, 6244, 1212, 8840, 1496, 10, 11
TASK: 26, 15404, 4060, 16536, 4420, 6, 18
TASK: 27, 12632, 2592, 15488, 4008, 7, 10
TASK: 28, 11928, 2792, 13456, 2568, 5, 15
TASK: 29, 12376, 2252, 14868, 4004, 3, 19
TASK: 30, 8820, 2268, 8476, 924, 9, 19
TASK: 31, 13204, 2232, 13608, 2580, 2, 2
TASK: 32, 14380, 2876, 16704, 4400, 10, 6
TASK: 33, 15172, 3912, 14720, 3948, 9, 5
TASK: 34, 14488, 3224, 12132, 2412, 8, 9
TASK: 35, 17016, 4948, 15348, 3956, 9, 17
TASK: 36, 14188, 2964, 15336, 3788, 1, 13
TASK: 37, 14048, 2764, 11184, 2956, 5, 16
TASK: 38, 13476, 2368, 14320, 3692, 6, 11
TASK: 39, 14188, 3036, 16336, 3980, 9, 20
TASK: 40, 16320, 3656, 13812, 2572, 10, 12
TASK: 41, 16412, 3600, 16480, 4480, 4, 7
TASK: 42, 12740, 2512, 14672, 3748, 1, 13
TASK: 43, 15536, 3984, 16988, 4604, 1, 20
TASK: 44, 7644, 1168, 9092, 2100, 2, 17
TASK: 45, 5116, 1444, 7744, 972, 6, 15
TASK: 46, 16652, 3504, 15604, 3964, 3, 5
TASK: 47, 15080, 3848, 16576, 4276, 10, 4
TASK: 48, 10792, 3008, 9048, 2396, 4, 20
TASK: 49, 14056, 2528, 11560, 2636, 7, 6
TASK: 50, 2336, 1300, 4840, 1348, 9, 5
TASK: 51, 14888, 3632, 17356, 4976, 8, 18
TASK: 52, 14208, 3336, 16396, 3684, 4, 18
TASK: 53, 17012, 4552, 14756, 3544, 8, 12
TASK: 54, 17284, 5484, 14944, 3572, 6, 15
TASK: 55, 12092, 2336, 9172, 2488, 5, 12
TASK: 56, 13936, 2504, 16616, 3568, 8, 7
TASK: 57, 14716, 3824, 12120, 2416, 4, 5
TASK: 58, 15312, 4032, 14888, 3560, 1, 18
TASK: 59, 14172, 3168, 16804, 4456, 3, 13
TASK: 60, 12268, 2196, 14432, 3160, 1, 6
TASK: 61, 16424, 3652, 16100, 4104, 3, 7
TASK: 62, 10460, 2932, 11672, 2648, 7, 7
TASK: 63, 10140, 2976, 11948, 2348, 9, 9
TASK: 64, 13192, 2300, 14108, 3100, 9, 7
TASK: 65, 2496, 1720, 2604, 1280, 8, 18
TASK: 66, 4728, 1324, 2720, 1552, 1, 17
TASK: 67, 4148, 1196, 3620, 1584, 3, 10
TASK: 68, 5612, 1292, 3312, 1492, 6, 18
TASK: 69, 14616, 3604, 12020, 2304, 8, 9
TASK: 70, 14480, 2896, 11956, 2436, 2, 15
TASK: 71, 6760, 1208, 5888, 1200, 8, 14
TASK: 72, 13620, 2644, 12312, 2460, 6, 3
TASK: 73, 17652, 5248, 16268, 4288, 7, 15
TASK: 74, 13060, 2564, 14824, 3444, 2, 12
TASK: 75, 16300, 4408, 14584, 2996, 8, 16
TASK: 76, 13736, 2648, 14104, 2916, 1, 5
TASK: 77, 10480, 3056, 8908, 2132, 1, 13
TASK: 78, 17148, 4832, 15716, 4216, 6, 12
TASK: 79, 14264, 3900, 13632, 2628, 4, 19
TASK: 80, 17356, 5468, 16420, 4384, 9, 17
TASK: 81, 12196, 2224, 10428, 2988, 10, 12
TASK: 82, 1900, 2140, 3848, 1336, 4, 3
TASK: 83, 7300, 1432, 5344, 1244, 3, 6
TASK: 84, 11768, 2536, 10452, 2968, 8, 8
TASK: 85, 16316, 4092, 16672, 4392, 8, 15
TASK: 86, 5716, 1304, 7124, 1396, 1, 13
TASK: 87, 14884, 3616, 14380, 3140, 3, 10
TASK: 88, 3596, 1472, 4868, 1272, 6, 19
TASK: 89, 12768, 2576, 14696, 3448, 5, 4
